[1.jpg]
moddate=425d82e55ac0d201
width=1536
height=2048
text=1;152;28;Made With Love&#010;        A & M;Gabriola;0.025377,0.853807,0.061111,0.000000;v1,4289790009,4289790009,128.000000,1.000000,0.500000,1.000000,400,2,49152;;
textactive=1
